39.880
87.410
39.704
60.966
69.231
83.552
70.504
68.678
43.429
76.348
62.251
31.709
03.740
44.838
31.885
63.611
68.374
79.946
88.589
39.805
23.999
31.757
33.585
43.920
05.958
25.044
73.922
18.698
53.658
81.188
86.516
48.994
99.775
39.601
00.033
11.938
51.376
57.638
55.038
97.965
10.797
49.647
35.813
34.797
85.112
85.565
38.226
55.452
38.507
62.929
18.025
88.905
81.322
43.514
94.663
96.159
24.286
84.961
73.778
32.565
06.190
34.977
30.309
40.557
74.834
79.273
02.769
73.322
42.977
29.236
73.267
54.256
51.343
67.880
60.176
40.536
33.858
28.542
63.457
92.767
77.512
10.518
83.009
45.971
73.496
03.301
30.625
17.437
78.908
62.987
04.869
72.480
78.854
47.016
46.802
35.781
95.547
96.696
45.698
77.142
58.108
09.258
41.721
47.351
00.961
75.964
80.811
36.220
54.853
64.939
02.251
18.344
63.767
36.972
55.372
71.931
82.800
37.984
65.103
70.253
70.129
06.664
10.703
40.580
97.379
85.156
39.876
61.957
07.131
03.723
01.445
25.724
91.351
44.143
64.261
11.749
49.522
86.171
36.278
91.034
15.949
29.717
33.212
95.758
93.233
56.790
68.568
03.510
00.346
58.787
75.683
97.751
19.673
75.892
72.670
62.024
05.355
30.128
88.253
13.440
27.292
91.210
65.500
84.501
61.838
72.271
84.670
85.826
18.340
28.386
65.020
68.836
67.455
10.235
86.709
32.609
78.863
76.850
41.701
72.246
11.568
60.407
19.156
07.709
86.015
10.186
02.344
56.859
45.849
43.422
60.859
94.974
80.260
03.896
88.008
99.445
31.554
78.842
61.160
56.574
81.027
96.062
86.216
24.490
21.664
80.031
77.401
94.258
67.230
14.323
93.148
21.209
21.499
10.091
09.098
27.299
79.485
05.470
80.529
60.399
59.792
42.234
26.685
19.298
12.930
56.272
91.315
02.776
34.750
44.442
62.808
82.277
82.499
12.591
56.833
57.795
32.601
97.380
27.764
01.839
63.153
57.639
73.593
12.741
21.423
72.110
83.971
66.446
85.852
20.039
48.500
38.122
89.294
23.840
48.492
43.412
99.832
29.489
48.783
03.233
46.689
70.565
76.591
32.618
06.547
75.077
44.963
27.929
41.994
04.022
99.195
74.092
08.089
87.705
56.845
70.551
07.540
64.809
13.440
58.993
64.634
65.545
40.107
33.115
24.360
96.845
50.820
88.794
29.027
65.193
93.025
23.584
88.352
42.859
89.603
99.576
80.665
52.676
05.490
03.945
34.869
80.172
15.666
10.806
12.611
66.912
00.575
34.646
48.377
66.467
18.052
00.787
83.839
38.998
68.288
05.617
38.596
16.076
72.038
56.297
77.295
63.453
49.755
17.216
83.722
32.611
41.387
85.140
62.163
16.245
69.413
07.861
79.987
35.870
74.572
06.601
79.073
93.448
49.221
46.128
09.630
62.673
84.125
75.863
13.103
69.913
79.015
73.133
95.308
56.140
51.850
18.567
69.747
81.470
41.357
18.778
74.000
36.855
71.408
97.455
81.171
54.044
73.229
41.729
01.821
94.797
97.955
15.955
24.914
57.396
92.347
41.802
97.134
39.218
33.866
78.167
16.633
61.756
15.130
89.461
87.791
66.009
87.176
52.488
64.931
62.261
25.248
07.221
90.038
48.791
36.630
30.274
64.758
17.875
20.431
24.695
11.022
52.078
41.665
50.567
03.383
86.148
77.811
45.109
95.305
00.162
99.381
36.183
89.494
46.091
40.892
97.984
90.433
44.632
35.514
78.665
53.830
66.289
67.566
47.143
36.414
98.623
42.122
09.269
87.153
62.197
42.397
13.781
30.602
35.844
08.912
00.694
84.551
12.131
32.511
61.999
72.083
58.264
83.725
66.051
28.678
29.439
07.780
95.043
08.270
31.732
96.360
60.361
45.446
29.247
01.882
24.259
37.493
06.511
18.235
96.164
10.850
14.209
44.440
59.362
00.269
49.455
79.531
22.371
86.872
58.407
73.321
85.939
32.955
44.620
26.541
51.882
33.708
75.192
46.531
28.056
03.830
70.979
55.235
64.966
78.042
73.652
75.193
75.572
97.667
88.194
33.459
46.212
96.025
85.444
39.976
61.284
77.601
42.933
67.706
17.265
82.737
51.351
62.020
25.813
10.844
19.570
22.168
36.055
72.897
00.677
96.099
75.597
63.386
41.464
88.567
26.626
22.870
60.516
03.213
20.993
48.347
79.378
66.395
89.985
46.454
17.108
32.125
98.443
75.541
96.347
42.243
72.891
00.520
53.298
49.839
89.067
41.288
89.331
03.153
86.661
85.282
57.494
21.922
43.215
54.708
13.954
12.860
40.920
05.751
82.931
06.246
50.160
81.984
80.522
02.412
82.330
97.140
64.607
44.168
96.108
04.386
75.618
86.830
14.744
99.149
02.700
18.986
62.049
47.265
98.820
41.973
56.571
36.466
21.803
64.226
60.104
84.390
00.948
82.283
16.958
58.988
88.431
91.837
93.448
57.342
62.360
39.785
26.590
39.612
93.094
05.255
89.342
09.106
12.878
86.582
56.718
77.144
78.793
57.384
44.116
02.613
83.843
21.933
13.417
06.942
33.005
65.754
59.355
74.385
02.011
93.902
07.172
09.248
34.148
21.682
75.213
43.915
91.428
92.726
67.870
53.469
51.344
93.146
64.081
32.936
46.095
61.047
68.545
27.816
92.867
37.899
20.219
88.943
02.137
96.840
99.294
60.229
84.934
86.280
19.812
96.740
62.508
36.984
57.806
94.547
12.061
92.148
91.953
43.575
34.889
03.181
78.663
12.719
04.689
49.197
38.184
66.996
20.252
16.265
59.017
35.832
94.690
62.129
55.930
67.812
86.445
11.942
97.422
37.680
08.472
88.398
74.264
68.927
12.541
81.472
62.184
93.136
22.635
89.823
32.290
97.005
14.821
82.913
52.073
20.484
71.109
84.091
37.142
34.989
74.057
03.347
56.806
25.609
46.751
92.934
64.686
23.206
47.820
30.962
37.198
12.531
00.117
10.620
72.837
14.809
87.739
49.465
29.492
88.894
13.937
73.073
96.380
28.459
83.669
76.601
72.390
48.770
26.140
22.999
27.487
49.233
28.492
17.999
79.517
58.180
76.984
19.257
84.997
41.103
15.911
21.106
98.708
59.884
40.519
33.403
69.364
86.867
66.863
96.881
04.292
40.354
14.225
66.724
10.290
44.488
33.748
21.821
55.619
82.109
46.422
66.828
87.558
33.871
54.478
33.743
64.084
88.897
22.166
23.538
36.178
00.975
86.289
71.416
35.750
25.153
11.928
34.939
83.832
90.862
52.279
73.910
31.241
58.816
99.362
84.821
49.301
60.992
15.513
68.724
26.464
25.084
54.404
20.527
53.934
47.788
61.075
68.262
81.081
39.184
06.587
05.685
49.673
35.233
71.198
00.733
72.705
45.888
50.906
19.122
66.613
73.330
65.300
47.684
09.951
74.247
05.609
60.795
15.035
51.727
20.985
08.515
01.288
62.756
22.993
42.474
26.633
65.644
36.920
50.427
87.833
21.537
39.191
19.411
60.968
60.847
63.067
60.517
92.504
01.970
52.490
63.420
33.527
35.113
05.171
46.911
14.347
19.382
03.817
46.287
80.233
45.298
35.218
26.519
02.937
88.789
23.204
49.190
79.353
85.299
60.848
41.260
12.840
89.121
14.198
49.534
43.060
45.820
48.198
38.124
18.311
74.091
80.361
25.713
50.856
83.597
53.305
93.539
15.369
73.599
04.210
09.006
40.590
15.922
39.813
55.790
60.450
78.042
79.961
35.085
08.036
08.241
18.358
21.078
33.414
01.905
59.613
87.710
34.713
24.667
96.780
54.354
20.278
10.576
08.354
08.187
57.391
94.632
66.513
15.784
74.289
40.173
57.225
04.975
63.075
73.778
44.333
26.956
94.562
42.583
10.008
70.195
81.150
85.644
37.227
28.871
76.118
40.886
98.970
52.154
58.965
53.324
05.165
17.413
14.599
02.169
27.695
46.574
95.786
12.874
41.846
61.621
76.688
06.118
28.007
30.387
46.266
27.349
98.702
44.942
43.220
42.802
02.349
21.858
89.769
31.349
64.965
88.790
99.941
33.534
79.452
53.971
91.346
79.460
04.319
43.473
05.990
59.733
57.600
09.750
69.316
02.770
55.508
82.426
60.584
21.014
15.442
76.395
35.097
79.787
96.228
39.619
62.970
53.208
27.468
73.501
03.362
91.885
71.302
00.687
25.847
92.770
95.787
79.235
37.819
07.581
29.630
23.248
20.974
25.132
15.822
29.942
19.802
13.741
29.180
30.898
55.491
92.539
22.654
84.791
64.337
79.140
18.906
71.770
17.979
01.301
80.028
89.993
75.721
03.208
10.522
41.780
07.684
04.978
38.531
78.012
41.272
05.883
20.156
87.172
24.083
14.980
06.989
55.458
86.044
91.022
79.350
22.012
72.973
20.507
92.823
65.801
27.959
08.887
38.466
48.444
25.344
61.844
48.633
07.920
01.875
98.869
12.753
67.055
50.851
99.266
71.587
85.336
95.148
90.190
09.742
46.611
30.714
07.011
68.948
31.598
51.620
42.609
66.710
41.040
86.157
91.414
69.826
94.891
77.879
74.359
69.822
11.095
29.714
48.243
32.304
71.939
40.080
82.731
62.164
49.289
52.448
78.422
60.004
03.983
87.754
93.951
71.485
02.533
12.463
17.227
92.262
70.622
21.505
44.247
48.401
41.167
47.380
49.639
77.526
42.462
35.486
22.497
62.420
75.135
64.764
55.487
28.005
33.033
13.437
34.117
60.664
43.123
77.000
49.613
91.837
16.858
02.148
84.789
04.412
09.228
41.323
47.830
62.244
51.970
21.980
44.386
48.163
92.847
80.249
06.006
59.605
19.743
25.028
32.048
78.919
29.914
00.479
87.317
75.724
39.509
81.329
96.603
36.001
24.716
30.529
29.695
13.390
79.597
51.258
35.807
63.869
30.014
26.081
39.986
26.972
38.332
05.664
72.574
52.535
12.369
87.149
25.230
54.905
87.080
93.710
44.629
48.033
83.150
72.296
53.764
35.070
01.025
00.452
36.942
41.642
19.871
16.961
16.689
69.737
45.384
01.147
51.483
19.623
52.265
44.861
88.382
93.536
42.501
57.513
93.914
15.850
48.909
48.849
94.405
85.209
94.881
78.737
83.428
24.942
09.752
36.957
85.030
40.427
20.988
28.962
73.099
57.450
66.533
76.254
37.140
52.913
62.246
47.672
40.236
55.795
38.858
74.946
09.887
22.184
33.698
15.049
04.523
10.664
89.649
79.275
90.290
27.658
36.075
90.111
87.359
99.441
86.506
38.849
37.953
73.651
35.083
20.505
90.419
97.532
40.254
04.139
70.123
00.207
02.706
60.998
64.288
45.521
38.720
95.850
88.983
56.905
30.271
80.167
33.750
68.152
23.123
12.073
70.157
34.412
12.590
50.132
94.461
84.210
24.921
15.901
22.784
30.947
81.619
72.998
57.545
11.234
50.043
68.138
41.948
16.416
33.252
69.970
69.627
84.931
94.997
27.089
80.910
05.673
76.679
46.676
97.992
96.047
03.740
84.690
90.155
05.081
28.020
62.285
62.315
73.805
55.526
25.996
84.950
21.447
44.586
43.814
33.508
33.884
53.956
94.561
81.286
47.313
10.170
64.759
80.466
80.397
30.875
54.486
13.465
76.058
25.678
69.345
68.819
52.908
86.653
64.377
64.518
55.659
96.251
93.845
96.826
59.217
15.267
22.622
27.898
72.567
95.390
45.518
86.118
41.095
17.817
05.105
95.495
98.372
72.096
38.903
92.029
01.223
50.327
28.568
58.803
91.732
90.223
99.646
56.285
23.475
66.191
90.378
51.640
28.339
18.023
69.908
46.260
90.039
46.696
65.119
84.983
90.970
55.466
33.285
00.899
82.612
26.554
77.804
85.889
74.281
35.376
56.935
67.218
44.062
65.432
75.752
48.997
60.065
15.542
11.832
98.219
74.480
90.091
33.407
63.001
34.527
58.312
49.820
60.925
24.749
11.849
60.830
93.917
21.125
89.440
66.964
48.813
36.734
46.607
04.397
02.808
89.553
50.090
22.528
11.326
23.295
72.984
45.422
19.848
51.299
72.014
03.508
25.731
71.208
80.847
83.266
74.002
58.268
68.608
07.754
80.895
65.680
92.071
69.338
85.631
54.311
24.486
07.146
36.290
99.555
61.680
98.079
41.956
33.288
87.620
07.805
49.669
29.930
65.870
31.085
53.087
86.612
58.330
70.975
33.267
00.488
98.193
74.369
15.616
56.986
24.135
67.562
41.669
70.620
79.011
84.904
18.988
37.603
52.366
35.102
03.085
24.254
98.653
82.672
50.947
96.472
32.518
61.344
67.634
11.873
43.111
81.711
18.767
73.335
31.765
71.617
06.507
25.446
50.369
25.474
06.062
11.006
08.045
93.653
91.655
47.272
55.696
94.959
63.706
50.440
88.167
20.322
42.101
36.116
90.293
71.225
04.600
30.184
58.044
03.973
63.167
00.780
41.591
75.886
81.571
12.497
61.820
44.753
24.378
61.875
78.597
67.296
40.730
95.732
67.041
81.811
74.809
70.013
80.411
51.611
79.250
78.772
21.544
85.975
35.286
49.412
76.456
64.129
47.115
06.921
50.820
06.366
11.737
45.019
77.118
03.155
16.957
34.493
15.122
58.008
10.480
72.664
59.441
05.962
27.937
96.574
50.088
52.642
36.728
88.972
92.558
91.450
93.154
02.415
40.752
45.156
42.442
49.966
87.167
84.774
69.836
94.358
33.270
65.094
74.884
77.761
03.148
38.237
56.997
50.250
78.229
05.037
33.121
70.196
08.381
22.062
54.732
91.363
02.845
04.045
42.810
11.729
70.218
53.741
28.801
75.974
63.506
23.134
67.733
68.395
71.361
19.874
38.451
25.435
36.116
23.383
94.777
52.108
29.505
25.568
06.543
22.433
94.997
12.942
97.924
03.371
80.444
84.672
18.963
53.531
87.952
91.975
31.622
73.961
85.549
33.177
01.310
13.604
42.045
17.988
58.588
81.010
24.483
78.294
19.248
85.158
91.212
69.897
55.486
84.884
11.973
19.951
16.099
53.187
83.660
80.478
92.538
16.013
83.952
62.668
29.933
34.303
38.752
75.676
52.285
74.447
60.755
42.925
12.875
86.368
32.555
06.027
46.878
43.793
83.214
44.405
46.863
99.187
01.096
65.333
13.096
25.906
79.220
29.344
43.159
37.775
21.056
99.988
72.526
24.484
25.532
97.716
47.930
84.289
93.422
54.881
59.083
40.006
57.203
95.736
86.030
47.062
04.162
20.361
31.622
90.593
30.160
34.622
98.385
83.671
46.376
83.983
30.864
97.015
96.728
87.486
19.509
54.579
17.348
32.598
05.677
78.397
35.753
28.854
69.680
10.319
78.396
56.156
62.468
52.091
26.823
93.965
78.940
30.126
39.543
14.125
64.551
33.175
84.005
05.101
47.746
26.406
51.216
28.920
43.663
38.933
32.365
13.864
29.464
35.676
99.312
37.143
90.429
30.960
35.566
32.030
51.336
50.967
00.952
68.128
50.404
34.744
28.062
47.916
12.954
70.434
21.002
38.736
79.987
52.911
56.328
79.144
30.040
11.656
65.896
41.325
07.448
93.493
75.894
28.180
36.286
65.622
31.370
30.608
13.900
45.197
93.081
87.657
06.381
20.297
20.085
54.600
42.473
08.103
18.795
49.740
65.379
21.856
43.728
56.169
45.495
49.595
47.884
31.466
47.996
32.522
61.714
21.583
20.064
03.772
63.369
50.076
53.288
21.515
23.786
60.076
40.286
15.640
34.571
49.764
47.107
12.176
34.739
42.435
23.238
19.381
59.536
57.150
43.758
48.677
49.873
20.426
19.936
00.675
24.964
02.365
36.600
33.704
53.414
15.640
50.580
53.584
03.270
25.766
02.704
45.749
55.666
26.664
35.920
45.590
42.587
33.037
34.545
09.029
58.856
43.944
13.093
36.758
01.165
05.287
25.888
02.686
07.139
29.757
24.717
24.630
53.453
06.692
10.123
17.229
11.519
15.770
18.398
46.460
28.876
09.053
53.452
05.605
02.091
19.158
48.685
50.047
18.073
10.644
03.884
22.101
24.056
35.819
02.048
34.746
32.865
15.162
20.297
28.038
30.565
25.285
12.515
52.761
13.515
08.669
25.444
08.653
31.892
40.297
33.558
15.020
45.400
04.211
24.566
06.695
45.488
14.292
38.608
06.679
17.057
35.999
25.018
06.157
12.797
21.690
07.932
09.452
10.014
16.374
09.457
09.914
18.875
04.385
14.985
00.615
01.603
18.968
03.224
04.036
23.033
20.563
18.400
12.085
02.147
13.094
15.406
14.938
16.673
11.528
12.105
12.223
12.724
01.474
13.656
04.457
13.046
07.312
09.975
05.228
06.585
01.660
01.833
06.094
10.998
07.102
07.175
09.703
07.589
08.318
01.490
02.652
02.127
00.523
06.835
14.544
09.275
02.124
01.879
09.311
08.364
02.457
15.389
08.705
32.026
34.503
33.466
23.892
08.553
03.604
